 Entering Gaussian System, Link 0=g16
 Initial command:
 /cm/shared/uniol/sw/SYSTEM/gaussian/g16.c01/g16/l1.exe "/fs/dss/home/toxo0610/Anthracen/01/Gau-778558.inp" -scrdir="/fs/dss/home/toxo0610/Anthracen/01/"
 Entering Link 1 = /cm/shared/uniol/sw/SYSTEM/gaussian/g16.c01/g16/l1.exe PID=    778559.
  
 Copyright (c) 1988-2019, Gaussian, Inc.  All Rights Reserved.
  
 This is part of the Gaussian(R) 16 program.  It is based on
 the Gaussian(R) 09 system (copyright 2009, Gaussian, Inc.),
 the Gaussian(R) 03 system (copyright 2003, Gaussian, Inc.),
 the Gaussian(R) 98 system (copyright 1998, Gaussian, Inc.),
 the Gaussian(R) 94 system (copyright 1995, Gaussian, Inc.),
 the Gaussian 92(TM) system (copyright 1992, Gaussian, Inc.),
 the Gaussian 90(TM) system (copyright 1990, Gaussian, Inc.),
 the Gaussian 88(TM) system (copyright 1988, Gaussian, Inc.),
 the Gaussian 86(TM) system (copyright 1986, Carnegie Mellon
 University), and the Gaussian 82(TM) system (copyright 1983,
 Carnegie Mellon University). Gaussian is a federally registered
 trademark of Gaussian, Inc.
  
 This software contains proprietary and confidential information,
 including trade secrets, belonging to Gaussian, Inc.
  
 This software is provided under written license and may be
 used, copied, transmitted, or stored only in accord with that
 written license.
  
 The following legend is applicable only to US Government
 contracts under FAR:
  
                    RESTRICTED RIGHTS LEGEND
  
 Use, reproduction and disclosure by the US Government is
 subject to restrictions as set forth in subparagraphs (a)
 and (c) of the Commercial Computer Software - Restricted
 Rights clause in FAR 52.227-19.
  
 Gaussian, Inc.
 340 Quinnipiac St., Bldg. 40, Wallingford CT 06492
  
  
 ---------------------------------------------------------------
 Warning -- This program may not be used in any manner that
 competes with the business of Gaussian, Inc. or will provide
 assistance to any competitor of Gaussian, Inc.  The licensee
 of this program is prohibited from giving any competitor of
 Gaussian, Inc. access to this program.  By using this program,
 the user acknowledges that Gaussian, Inc. is engaged in the
 business of creating and licensing software in the field of
 computational chemistry and represents and warrants to the
 licensee that it is not a competitor of Gaussian, Inc. and that
 it will not use this program in any manner prohibited above.
 ---------------------------------------------------------------
  

 Cite this work as:
 Gaussian 16, Revision C.01,
 M. J. Frisch, G. W. Trucks, H. B. Schlegel, G. E. Scuseria, 
 M. A. Robb, J. R. Cheeseman, G. Scalmani, V. Barone, 
 G. A. Petersson, H. Nakatsuji, X. Li, M. Caricato, A. V. Marenich, 
 J. Bloino, B. G. Janesko, R. Gomperts, B. Mennucci, H. P. Hratchian, 
 J. V. Ortiz, A. F. Izmaylov, J. L. Sonnenberg, D. Williams-Young, 
 F. Ding, F. Lipparini, F. Egidi, J. Goings, B. Peng, A. Petrone, 
 T. Henderson, D. Ranasinghe, V. G. Zakrzewski, J. Gao, N. Rega, 
 G. Zheng, W. Liang, M. Hada, M. Ehara, K. Toyota, R. Fukuda, 
 J. Hasegawa, M. Ishida, T. Nakajima, Y. Honda, O. Kitao, H. Nakai, 
 T. Vreven, K. Throssell, J. A. Montgomery, Jr., J. E. Peralta, 
 F. Ogliaro, M. J. Bearpark, J. J. Heyd, E. N. Brothers, K. N. Kudin, 
 V. N. Staroverov, T. A. Keith, R. Kobayashi, J. Normand, 
 K. Raghavachari, A. P. Rendell, J. C. Burant, S. S. Iyengar, 
 J. Tomasi, M. Cossi, J. M. Millam, M. Klene, C. Adamo, R. Cammi, 
 J. W. Ochterski, R. L. Martin, K. Morokuma, O. Farkas, 
 J. B. Foresman, and D. J. Fox, Gaussian, Inc., Wallingford CT, 2019.
 
 ******************************************
 Gaussian 16:  ES64L-G16RevC.01  3-Jul-2019
                20-Dec-2024 
 ******************************************
 %NprocShared=16
 Will use up to   16 processors via shared memory.
 Default route: Test
 -----------------------------------------
 # pbepbe/6-311+G** scf=tight int=finegrid
 -----------------------------------------
 1/38=1,172=1/1;
 2/12=2,17=6,18=5,40=1/2;
 3/5=4,6=6,7=111,11=2,25=1,30=1,74=1009,75=-4/1,2,3;
 4//1;
 5/5=2,32=2,38=5/2;
 6/7=2,8=2,9=2,10=2,28=1/1;
 99/5=1,9=1/99;
 ---------------------
 basis set convergence
 ---------------------
 Symbolic Z-matrix:
 Charge =  0 Multiplicity = 1
 C                     5.82596   4.30576   0. 
 C                     4.60757   2.17522   0. 
 H                     4.61031   1.08307   0. 
 C                     5.82957   2.8592    0. 
 C                     8.26543   2.87708   0. 
 H                     9.21565   2.34311   0. 
 C                     8.26188   4.30001   0. 
 H                     9.20942   4.83872   0. 
 C                     7.08371   2.17918   0. 
 H                     7.0853    1.08808   0. 
 C                     7.0767    4.99202   0. 
 H                     2.13526   1.07573   0. 
 C                     3.38217   2.85308   0. 
 C                     4.60056   4.98362   0. 
 H                     4.59782   6.07576   0. 
 C                     3.37857   4.29964   0. 
 C                     0.9427    4.28176   0. 
 H                    -0.00752   4.81573   0. 
 C                     0.94625   2.85883   0. 
 H                    -0.00129   2.32012   0. 
 C                     2.12442   4.97966   0. 
 H                     2.12283   6.07076   0. 
 C                     2.13143   2.16682   0. 
 H                     7.07287   6.08311   0. 
 
                          Input orientation:                          
 ---------------------------------------------------------------------
 Center     Atomic      Atomic             Coordinates (Angstroms)
 Number     Number       Type             X           Y           Z
 ---------------------------------------------------------------------
      1          6           0        5.825958    4.305757    0.000000
      2          6           0        4.607571    2.175219    0.000000
      3          1           0        4.610307    1.083073    0.000000
      4          6           0        5.829565    2.859199    0.000000
      5          6           0        8.265434    2.877077    0.000000
      6          1           0        9.215650    2.343112    0.000000
      7          6           0        8.261879    4.300012    0.000000
      8          1           0        9.209417    4.838716    0.000000
      9          6           0        7.083713    2.179177    0.000000
     10          1           0        7.085296    1.088081    0.000000
     11          6           0        7.076700    4.992017    0.000000
     12          1           0        2.135258    1.075731    0.000000
     13          6           0        3.382173    2.853081    0.000000
     14          6           0        4.600560    4.983619    0.000000
     15          1           0        4.597824    6.075764    0.000000
     16          6           0        3.378566    4.299639    0.000000
     17          6           0        0.942697    4.281761    0.000000
     18          1           0       -0.007519    4.815725    0.000000
     19          6           0        0.946252    2.858825    0.000000
     20          1           0       -0.001286    2.320122    0.000000
     21          6           0        2.124417    4.979660    0.000000
     22          1           0        2.122834    6.070757    0.000000
     23          6           0        2.131431    2.166821    0.000000
     24          1           0        7.072873    6.083107    0.000000
 ---------------------------------------------------------------------
                    Distance matrix (angstroms):
                    1          2          3          4          5
     1  C    0.000000
     2  C    2.454314   0.000000
     3  H    3.444343   1.092149   0.000000
     4  C    1.446563   1.400392   2.154347   0.000000
     5  C    2.827042   3.724589   4.071659   2.435934   0.000000
     6  H    3.916885   4.611137   4.774608   3.425188   1.089967
     7  C    2.435927   4.227140   4.866485   2.827029   1.422940
     8  H    3.425177   5.317067   5.937732   3.916872   2.176955
     9  C    2.470686   2.476146   2.705399   1.426645   1.372417
    10  H    3.455340   2.705733   2.474995   2.171110   2.143183
    11  C    1.426642   3.745791   4.622006   2.470680   2.426120
    12  H    4.904522   2.705773   2.475059   4.102275   6.389359
    13  C    2.842948   1.400392   2.154354   2.447400   4.883320
    14  C    1.400392   2.808408   3.900557   2.454305   4.227153
    15  H    2.154354   3.900557   4.992706   3.444340   4.866514
    16  C    2.447400   2.454305   3.444340   2.842933   5.089712
    17  C    4.883320   4.227153   4.866514   5.089712   7.456247
    18  H    5.855726   5.317079   5.937761   6.156261   8.497065
    19  C    5.089709   3.724590   4.071681   4.883313   7.319204
    20  H    6.156258   4.611134   4.774628   5.855718   8.285460
    21  C    3.762386   3.745790   4.622016   4.269014   6.490989
    22  H    4.102237   4.620512   5.573554   4.904484   6.923231
    23  C    4.269025   2.476154   2.705427   3.762391   6.174986
    24  H    2.171122   4.620530   5.573560   3.455343   3.420648
                    6          7          8          9         10
     6  H    0.000000
     7  C    2.176956   0.000000
     8  H    2.495612   1.089968   0.000000
     9  C    2.138230   2.426111   3.404667   0.000000
    10  H    2.472551   3.420651   4.310354   1.091098   0.000000
    11  C    3.404674   1.372413   2.138219   2.812848   3.903946
    12  H    7.192927   6.923256   8.012726   5.069991   4.950054
    13  C    5.855726   5.089709   6.156258   3.762386   4.102237
    14  C    5.317079   3.724590   4.611134   3.745790   4.620512
    15  H    5.937761   4.071681   4.774628   4.622016   5.573554
    16  C    6.156261   4.883313   5.855718   4.269014   4.904484
    17  C    8.497065   7.319204   8.285460   6.490989   6.923230
    18  H    9.548857   8.285463   9.216964   7.565511   8.012700
    19  C    8.285463   7.456233   8.497050   6.174978   6.389319
    20  H    9.216964   8.497050   9.548841   7.086401   7.192883
    21  C    7.565511   6.174978   7.086401   5.695377   6.305134
    22  H    8.012700   6.389319   7.192883   6.305134   7.032289
    23  C    7.086412   6.490986   7.565508   4.952298   5.069957
    24  H    4.310343   2.143166   2.472515   3.903945   4.995042
                   11         12         13         14         15
    11  C    0.000000
    12  H    6.305168   0.000000
    13  C    4.269025   2.171122   0.000000
    14  C    2.476154   4.620530   2.454314   0.000000
    15  H    2.705427   5.573560   3.444343   1.092149   0.000000
    16  C    3.762391   3.455343   1.446563   1.400392   2.154347
    17  C    6.174987   3.420648   2.827042   3.724589   4.071659
    18  H    7.086412   4.310343   3.916885   4.611137   4.774608
    19  C    6.490986   2.143166   2.435927   4.227140   4.866485
    20  H    7.565508   2.472515   3.425177   5.317067   5.937732
    21  C    4.952298   3.903945   2.470686   2.476146   2.705399
    22  H    5.069957   4.995042   3.455340   2.705733   2.474995
    23  C    5.695386   1.091097   1.426642   3.745791   4.622006
    24  H    1.091097   7.032344   4.904522   2.705773   2.475059
                   16         17         18         19         20
    16  C    0.000000
    17  C    2.435934   0.000000
    18  H    3.425188   1.089967   0.000000
    19  C    2.827029   1.422940   2.176956   0.000000
    20  H    3.916872   2.176955   2.495612   1.089968   0.000000
    21  C    1.426645   1.372417   2.138230   2.426111   3.404667
    22  H    2.171110   2.143183   2.472551   3.420651   4.310354
    23  C    2.470680   2.426120   3.404674   1.372413   2.138219
    24  H    4.102276   6.389359   7.192928   6.923256   8.012726
                   21         22         23         24
    21  C    0.000000
    22  H    1.091098   0.000000
    23  C    2.812848   3.903946   0.000000
    24  H    5.069991   4.950054   6.305168   0.000000
 Stoichiometry    C14H10
 Framework group  C2H[SGH(C14H10)]
 Deg. of freedom    23
 Full point group                 C2H     NOp   4
 Largest Abelian subgroup         C2H     NOp   4
 Largest concise Abelian subgroup C2      NOp   2
                         Standard orientation:                         
 ---------------------------------------------------------------------
 Center     Atomic      Atomic             Coordinates (Angstroms)
 Number     Number       Type             X           Y           Z
 ---------------------------------------------------------------------
      1          6           0       -0.723287    1.223701    0.000000
      2          6           0        1.404204    0.000002    0.000000
      3          1           0        2.496353    0.000012    0.000000
      4          6           0        0.723276    1.223699    0.000000
      5          6           0        0.711475    3.659605    0.000000
      6          1           0        1.247809    4.608485    0.000000
      7          6           0       -0.711465    3.659600    0.000000
      8          1           0       -1.247802    4.608479    0.000000
      9          6           0        1.406424    2.476146    0.000000
     10          1           0        2.497521    2.475007    0.000000
     11          6           0       -1.406424    2.476152    0.000000
     12          1           0        2.497520   -2.475047    0.000000
     13          6           0        0.723287   -1.223701    0.000000
     14          6           0       -1.404204   -0.000002    0.000000
     15          1           0       -2.496353   -0.000012    0.000000
     16          6           0       -0.723276   -1.223699    0.000000
     17          6           0       -0.711475   -3.659605    0.000000
     18          1           0       -1.247809   -4.608485    0.000000
     19          6           0        0.711465   -3.659600    0.000000
     20          1           0        1.247802   -4.608479    0.000000
     21          6           0       -1.406424   -2.476146    0.000000
     22          1           0       -2.497521   -2.475007    0.000000
     23          6           0        1.406424   -2.476152    0.000000
     24          1           0       -2.497520    2.475047    0.000000
 ---------------------------------------------------------------------
 Rotational constants (GHZ):           2.1445303           0.4514968           0.3729732
 Standard basis: 6-311+G(d,p) (5D, 7F)
 There are   144 symmetry adapted cartesian basis functions of AG  symmetry.
 There are    47 symmetry adapted cartesian basis functions of BG  symmetry.
 There are    47 symmetry adapted cartesian basis functions of AU  symmetry.
 There are   144 symmetry adapted cartesian basis functions of BU  symmetry.
 There are   137 symmetry adapted basis functions of AG  symmetry.
 There are    47 symmetry adapted basis functions of BG  symmetry.
 There are    47 symmetry adapted basis functions of AU  symmetry.
 There are   137 symmetry adapted basis functions of BU  symmetry.
   368 basis functions,   584 primitive gaussians,   382 cartesian basis functions
    47 alpha electrons       47 beta electrons
       nuclear repulsion energy       765.3357082947 Hartrees.
 NAtoms=   24 NActive=   24 NUniq=   12 SFac= 4.00D+00 NAtFMM=   60 NAOKFM=F Big=F
 Integral buffers will be    131072 words long.
 Raffenetti 2 integral format.
 Two-electron integral symmetry is turned on.
 One-electron integrals computed using PRISM.
 NBasis=   368 RedAO= T EigKep=  2.14D-06  NBF=   137    47    47   137
 NBsUse=   362 1.00D-06 EigRej=  8.79D-07 NBFU=   134    47    47   134
 ExpMin= 4.38D-02 ExpMax= 4.56D+03 ExpMxC= 6.82D+02 IAcc=2 IRadAn=         4 AccDes= 0.00D+00
 Harris functional with IExCor= 1009 and IRadAn=       4 diagonalized for initial guess.
 HarFok:  IExCor= 1009 AccDes= 0.00D+00 IRadAn=         4 IDoV= 1 UseB2=F ITyADJ=14
 ICtDFT=  3500011 ScaDFX=  1.000000  1.000000  1.000000  1.000000
 FoFCou: FMM=F IPFlag=           0 FMFlag=      100000 FMFlg1=           0
         NFxFlg=           0 DoJE=T BraDBF=F KetDBF=T FulRan=T
         wScrn=  0.000000 ICntrl=       500 IOpCl=  0 I1Cent=   200000004 NGrid=           0
         NMat0=    1 NMatS0=      1 NMatT0=    0 NMatD0=    1 NMtDS0=    0 NMtDT0=    0
 Petite list used in FoFCou.
 Initial guess orbital symmetries:
       Occupied  (BU) (AG) (AG) (BU) (BU) (AG) (AG) (BU) (BU) (AG)
                 (BU) (AG) (AG) (BU) (AG) (BU) (AG) (BU) (AG) (BU)
                 (BU) (AG) (AG) (AG) (BU) (BU) (BU) (AG) (AG) (BU)
                 (AG) (BU) (BU) (AG) (BU) (AG) (AU) (BU) (AG) (BG)
                 (BU) (AG) (AU) (BG) (AU) (BG) (BG)
       Virtual   (AU) (AU) (BG) (AU) (BG) (AG) (BU) (BU) (AU) (AG)
                 (AG) (AG) (BU) (BU) (BG) (AU) (AG) (BU) (AG) (BG)
                 (BU) (BG) (AG) (AU) (AG) (AU) (BU) (BU) (AG) (BU)
                 (AG) (AG) (BU) (BG) (AU) (BU) (BG) (AG) (AG) (BU)
                 (BU) (BU) (AU) (BU) (BG) (AG) (BU) (AG) (AU) (AG)
                 (AG) (BU) (BG) (AG) (AG) (BU) (BU) (BG) (AG) (BU)
                 (BU) (AG) (AG) (BU) (AU) (BU) (AG) (BU) (AG) (AG)
                 (BU) (AG) (BU) (BU) (AG) (AG) (BU) (BU) (AG) (AG)
                 (BU) (AG) (BU) (AG) (AG) (BU) (AU) (BU) (BG) (AG)
                 (BU) (AG) (BG) (AU) (BU) (BU) (AU) (AU) (AG) (BG)
                 (AG) (BG) (BU) (AG) (AU) (AU) (BU) (AG) (BG) (AG)
                 (BU) (AG) (BU) (BG) (BU) (AG) (AU) (BG) (BU) (AG)
                 (BU) (AG) (AG) (BU) (AG) (BU) (AG) (BU) (AG) (AU)
                 (BG) (AG) (BU) (AG) (BU) (BU) (BU) (BU) (BG) (AU)
                 (AG) (BG) (BG) (BU) (AG) (BU) (AU) (AU) (AG) (BG)
                 (BG) (AU) (BU) (AU) (AG) (BU) (AG) (AG) (AG) (BU)
                 (AG) (BU) (BU) (BU) (BU) (AG) (AU) (BG) (AG) (BU)
                 (AU) (AG) (BU) (BG) (BU) (BG) (AU) (AG) (AU) (AG)
                 (BU) (BU) (AG) (AG) (AG) (BG) (BG) (BG) (AU) (BU)
                 (BU) (AU) (AG) (AU) (BU) (BG) (AG) (AU) (BU) (BG)
                 (AG) (BG) (AG) (AG) (BU) (BU) (BU) (BU) (AG) (AU)
                 (BU) (BG) (BU) (AG) (BG) (AG) (AU) (AU) (AG) (AG)
                 (BU) (AG) (BU) (BG) (AU) (AG) (BU) (BU) (BG) (BU)
                 (AU) (AG) (AG) (AG) (BU) (AG) (AU) (BG) (AG) (BU)
                 (AU) (BU) (BU) (AG) (BU) (BG) (AG) (AG) (AU) (BU)
                 (AG) (BG) (BU) (AG) (BG) (BU) (BU) (AG) (AU) (AG)
                 (BU) (AU) (AU) (BG) (BU) (AG) (AG) (BG) (AU) (BG)
                 (BU) (AG) (BU) (BU) (BU) (AG) (AG) (AG) (BU) (AG)
                 (BU) (AG) (BU) (AG) (AG) (BU) (BU) (AG) (BU) (BU)
                 (AG) (AG) (BU) (BU) (AG) (BU) (AG) (BU) (AG) (BU)
                 (AG) (AG) (BU) (AG) (BU) (AG) (BU) (AG) (BU) (AG)
                 (AG) (BU) (BU) (BU) (AG)
 The electronic state of the initial guess is 1-AG.
 Requested convergence on RMS density matrix=1.00D-08 within 128 cycles.
 Requested convergence on MAX density matrix=1.00D-06.
 Requested convergence on             energy=1.00D-06.
 No special actions if energy rises.
 SCF Done:  E(RPBE-PBE) =  -538.958484367     A.U. after   12 cycles
            NFock= 12  Conv=0.52D-08     -V/T= 2.0036

 **********************************************************************

            Population analysis using the SCF Density.

 **********************************************************************

 Orbital symmetries:
       Occupied  (BU) (AG) (BU) (AG) (BU) (AG) (BU) (AG) (AG) (BU)
                 (BU) (AG) (BU) (AG) (AG) (BU) (AG) (BU) (AG) (BU)
                 (BU) (AG) (AG) (AG) (BU) (BU) (BU) (AG) (AG) (AG)
                 (BU) (BU) (AG) (BU) (AU) (BU) (AG) (BU) (BG) (BU)
                 (AG) (AG) (AU) (BG) (AU) (BG) (BG)
       Virtual   (AU) (AU) (BG) (AU) (AG) (BU) (BU) (BG) (AG) (AG)
                 (AG) (BU) (BU) (AU) (BG) (BG) (AG) (BU) (AG) (AU)
                 (AU) (AU) (BU) (BU) (BU) (AG) (BG) (BG) (AG) (AU)
                 (AG) (AG) (AG) (BU) (BU) (BU) (AU) (BG) (AG) (BG)
                 (BU) (AU) (BU) (BU) (AG) (BG) (AG) (BU) (AG) (AG)
                 (BU) (BG) (AG) (BU) (AG) (BU) (AG) (AG) (AU) (BU)
                 (BU) (AG) (AG) (BU) (AG) (BU) (BU) (AG) (BU) (AG)
                 (AG) (BU) (BU) (BU) (BU) (AG) (AG) (BU) (AG) (AG)
                 (BU) (AG) (AG) (BU) (BU) (AU) (AG) (BU) (BU) (BG)
                 (AG) (BG) (AG) (AU) (AU) (BU) (BU) (AU) (BG) (BG)
                 (AG) (BU) (AG) (AG) (AU) (AU) (BG) (AG) (BU) (BG)
                 (AG) (AG) (BU) (BU) (AU) (BU) (AG) (BG) (BU) (AG)
                 (BU) (AG) (AG) (BU) (AG) (BU) (AG) (AG) (BU) (AG)
                 (BU) (AU) (AG) (BU) (BU) (BG) (BU) (BU) (BG) (AG)
                 (AU) (BU) (AG) (BU) (BG) (BG) (AG) (AU) (AU) (BG)
                 (BG) (BU) (AU) (AU) (AG) (AG) (BU) (AG) (BU) (AG)
                 (AG) (BU) (BU) (BU) (BU) (BG) (AU) (AG) (AU) (AG)
                 (BU) (AG) (BU) (BG) (BG) (AU) (BU) (AU) (AG) (AG)
                 (BU) (AG) (BU) (AG) (BG) (AG) (BG) (AU) (BG) (BU)
                 (AU) (BU) (AG) (AU) (AG) (BU) (BG) (AU) (BU) (BG)
                 (AG) (BG) (AG) (BU) (AG) (BU) (BU) (BU) (AG) (AU)
                 (BG) (BU) (BU) (AG) (BG) (AU) (AU) (AG) (AG) (AG)
                 (BU) (AG) (BG) (BU) (AU) (AG) (BU) (BG) (BU) (AU)
                 (AG) (BU) (AG) (AG) (BU) (AG) (AU) (BG) (AG) (BU)
                 (BU) (AG) (BU) (BU) (AU) (BU) (AG) (AG) (AG) (BG)
                 (AG) (BU) (BU) (AU) (AG) (BU) (AG) (BG) (BU) (BG)
                 (AU) (AU) (AU) (BU) (BG) (AG) (AG) (BG) (AU) (BG)
                 (BU) (AG) (BU) (BU) (AG) (BU) (AG) (AG) (BU) (AG)
                 (BU) (AG) (BU) (AG) (AG) (BU) (BU) (AG) (BU) (BU)
                 (AG) (AG) (BU) (BU) (AG) (BU) (AG) (BU) (AG) (BU)
                 (AG) (AG) (BU) (AG) (BU) (AG) (BU) (AG) (BU) (AG)
                 (AG) (BU) (BU) (BU) (AG)
 The electronic state is 1-AG.
 Alpha  occ. eigenvalues --   -9.90064  -9.90062  -9.90041  -9.90041  -9.89125
 Alpha  occ. eigenvalues --   -9.89124  -9.89103  -9.89102  -9.89099  -9.89099
 Alpha  occ. eigenvalues --   -9.89056  -9.89056  -9.89033  -9.89033  -0.80994
 Alpha  occ. eigenvalues --   -0.78032  -0.73393  -0.71709  -0.68640  -0.67475
 Alpha  occ. eigenvalues --   -0.64035  -0.58842  -0.56094  -0.54698  -0.53668
 Alpha  occ. eigenvalues --   -0.48836  -0.47555  -0.45830  -0.41822  -0.41677
 Alpha  occ. eigenvalues --   -0.40571  -0.40368  -0.38132  -0.37141  -0.36636
 Alpha  occ. eigenvalues --   -0.36567  -0.34827  -0.33711  -0.33177  -0.30843
 Alpha  occ. eigenvalues --   -0.29837  -0.28983  -0.27976  -0.27509  -0.23811
 Alpha  occ. eigenvalues --   -0.22686  -0.18333
 Alpha virt. eigenvalues --   -0.09754  -0.05185  -0.03910  -0.01686  -0.00793
 Alpha virt. eigenvalues --   -0.00259  -0.00159   0.01465   0.01742   0.01787
 Alpha virt. eigenvalues --    0.03489   0.03666   0.03779   0.04624   0.04936
 Alpha virt. eigenvalues --    0.05747   0.05821   0.05957   0.06110   0.08272
 Alpha virt. eigenvalues --    0.08962   0.09412   0.09693   0.10277   0.10465
 Alpha virt. eigenvalues --    0.10484   0.11792   0.12160   0.12284   0.12776
 Alpha virt. eigenvalues --    0.12923   0.13640   0.14319   0.14367   0.14391
 Alpha virt. eigenvalues --    0.16308   0.16392   0.16975   0.17064   0.17112
 Alpha virt. eigenvalues --    0.17828   0.17840   0.18146   0.18249   0.18278
 Alpha virt. eigenvalues --    0.18786   0.19214   0.19346   0.19759   0.19904
 Alpha virt. eigenvalues --    0.20161   0.21708   0.21884   0.22758   0.22882
 Alpha virt. eigenvalues --    0.23328   0.23454   0.23648   0.24454   0.24951
 Alpha virt. eigenvalues --    0.25364   0.26074   0.26345   0.27380   0.27946
 Alpha virt. eigenvalues --    0.28462   0.28580   0.28998   0.30466   0.31117
 Alpha virt. eigenvalues --    0.31163   0.31578   0.31670   0.33879   0.36637
 Alpha virt. eigenvalues --    0.36815   0.36897   0.40197   0.42931   0.45588
 Alpha virt. eigenvalues --    0.46239   0.46904   0.47179   0.47453   0.49101
 Alpha virt. eigenvalues --    0.49403   0.49845   0.50409   0.50812   0.50899
 Alpha virt. eigenvalues --    0.51266   0.52516   0.52536   0.52845   0.54924
 Alpha virt. eigenvalues --    0.55118   0.55462   0.55704   0.57305   0.57419
 Alpha virt. eigenvalues --    0.57883   0.60448   0.60465   0.60831   0.61695
 Alpha virt. eigenvalues --    0.61752   0.63846   0.65478   0.65573   0.66043
 Alpha virt. eigenvalues --    0.66496   0.66769   0.66803   0.67411   0.69759
 Alpha virt. eigenvalues --    0.70485   0.70906   0.70965   0.72579   0.74269
 Alpha virt. eigenvalues --    0.75620   0.77929   0.79426   0.79626   0.80248
 Alpha virt. eigenvalues --    0.80618   0.82227   0.83903   0.84449   0.85296
 Alpha virt. eigenvalues --    0.87374   0.87821   0.87825   0.87966   0.88606
 Alpha virt. eigenvalues --    0.88697   0.90231   0.90499   0.94292   0.94446
 Alpha virt. eigenvalues --    0.95777   0.96159   0.96331   0.98174   0.99450
 Alpha virt. eigenvalues --    0.99675   1.00824   1.01284   1.01362   1.05560
 Alpha virt. eigenvalues --    1.06217   1.06861   1.08060   1.10421   1.12691
 Alpha virt. eigenvalues --    1.12918   1.13091   1.16705   1.29434   1.30514
 Alpha virt. eigenvalues --    1.31523   1.33720   1.38185   1.40245   1.40517
 Alpha virt. eigenvalues --    1.42072   1.42283   1.42969   1.43945   1.44253
 Alpha virt. eigenvalues --    1.44279   1.45757   1.48583   1.49515   1.49613
 Alpha virt. eigenvalues --    1.50281   1.50870   1.54114   1.55018   1.56200
 Alpha virt. eigenvalues --    1.60083   1.60124   1.60401   1.64090   1.65059
 Alpha virt. eigenvalues --    1.66041   1.66809   1.67192   1.67730   1.70510
 Alpha virt. eigenvalues --    1.72147   1.73595   1.76461   1.77810   1.78737
 Alpha virt. eigenvalues --    1.79011   1.79317   1.81826   1.82884   1.85018
 Alpha virt. eigenvalues --    1.85473   1.86409   1.86491   1.89163   1.89428
 Alpha virt. eigenvalues --    1.89526   1.90931   1.91078   1.91317   1.91777
 Alpha virt. eigenvalues --    1.98495   1.98749   1.98790   2.01380   2.01900
 Alpha virt. eigenvalues --    2.07107   2.07373   2.08396   2.09928   2.16706
 Alpha virt. eigenvalues --    2.17084   2.17501   2.19074   2.19726   2.21495
 Alpha virt. eigenvalues --    2.31947   2.32590   2.33642   2.34449   2.36024
 Alpha virt. eigenvalues --    2.36687   2.36831   2.38531   2.46421   2.47898
 Alpha virt. eigenvalues --    2.51883   2.55729   2.58126   2.59028   2.59531
 Alpha virt. eigenvalues --    2.61937   2.63579   2.63856   2.63886   2.64029
 Alpha virt. eigenvalues --    2.66021   2.67651   2.68464   2.69312   2.69910
 Alpha virt. eigenvalues --    2.69977   2.70338   2.70441   2.71770   2.72268
 Alpha virt. eigenvalues --    2.74014   2.75158   2.75378   2.75778   2.76380
 Alpha virt. eigenvalues --    2.79856   2.82614   2.84712   2.86003   2.86706
 Alpha virt. eigenvalues --    2.88841   2.89172   2.97244   3.00024   3.01176
 Alpha virt. eigenvalues --    3.09428   3.10123   3.13995   3.20319   3.23637
 Alpha virt. eigenvalues --    3.23694   3.29289   3.30868   3.34396   3.37157
 Alpha virt. eigenvalues --    3.40020   3.44066   3.45580   3.46495   3.51816
 Alpha virt. eigenvalues --    3.53433   3.57845   3.60877   3.66294   3.93409
 Alpha virt. eigenvalues --    3.93850   3.93921   3.94915   4.08277   4.10294
 Alpha virt. eigenvalues --    4.13567   4.15965   4.39116   4.70744   4.73025
 Alpha virt. eigenvalues --    4.73553  23.24235  23.46451  23.61652  23.61840
 Alpha virt. eigenvalues --   23.67322  23.68879  23.73611  23.75826  23.83572
 Alpha virt. eigenvalues --   23.87065  23.87592  23.87906  23.93429  23.93535
          Condensed to atoms (all electrons):
               1          2          3          4          5          6
     1  C    9.664558  -0.636726  -0.003716  -1.534186  -0.010954   0.011018
     2  C   -0.636726   6.770707   0.355336   1.456909  -0.197902   0.003651
     3  H   -0.003716   0.355336   0.562043  -0.075539   0.019891  -0.000020
     4  C   -1.534186   1.456909  -0.075539   9.664644  -0.563941   0.034732
     5  C   -0.010954  -0.197902   0.019891  -0.563941   5.760838   0.395220
     6  H    0.011018   0.003651  -0.000020   0.034732   0.395220   0.542047
     7  C   -0.563922  -0.042547   0.002204  -0.010992   0.733689  -0.032243
     8  H    0.034732   0.003960  -0.000002   0.011021  -0.032244  -0.008387
     9  C    0.746353  -1.191305   0.041203  -0.654191   0.654967  -0.074162
    10  H   -0.007932   0.060720   0.003049  -0.046260  -0.039509  -0.009568
    11  C   -0.654207  -0.282865   0.001878   0.746370  -0.113083  -0.004309
    12  H    0.006256   0.060716   0.003049   0.027177   0.000103  -0.000000
    13  C   -1.815127   1.456923  -0.075529   0.438534  -0.068420   0.001930
    14  C    1.456923   0.232412  -0.014330  -0.636761  -0.042538   0.003960
    15  H   -0.075529  -0.014330   0.000082  -0.003711   0.002204  -0.000002
    16  C    0.438534  -0.636761  -0.003711  -1.815180  -0.106628   0.001296
    17  C   -0.068420  -0.042538   0.002204  -0.106628  -0.007536   0.000016
    18  H    0.001930   0.003960  -0.000002   0.001296   0.000016   0.000000
    19  C   -0.106633  -0.197896   0.019890  -0.068419   0.003366  -0.000009
    20  H    0.001296   0.003651  -0.000020   0.001930  -0.000009  -0.000000
    21  C   -0.372858  -0.282867   0.001878  -0.531271  -0.043265   0.000187
    22  H    0.027179   0.002507   0.000013   0.006256   0.000094   0.000000
    23  C   -0.531278  -1.191293   0.041202  -0.372857  -0.044772  -0.000105
    24  H   -0.046258   0.002507   0.000013  -0.007929  -0.002620  -0.000267
               7          8          9         10         11         12
     1  C   -0.563922   0.034732   0.746353  -0.007932  -0.654207   0.006256
     2  C   -0.042547   0.003960  -1.191305   0.060720  -0.282865   0.060716
     3  H    0.002204  -0.000002   0.041203   0.003049   0.001878   0.003049
     4  C   -0.010992   0.011021  -0.654191  -0.046260   0.746370   0.027177
     5  C    0.733689  -0.032244   0.654967  -0.039509  -0.113083   0.000103
     6  H   -0.032243  -0.008387  -0.074162  -0.009568  -0.004309  -0.000000
     7  C    5.760810   0.395219  -0.113047  -0.002620   0.654973   0.000094
     8  H    0.395219   0.542049  -0.004310  -0.000267  -0.074162   0.000000
     9  C   -0.113047  -0.004310   7.439479   0.335357   0.427576   0.004855
    10  H   -0.002620  -0.000267   0.335357   0.554170  -0.014133   0.000012
    11  C    0.654973  -0.074162   0.427576  -0.014133   7.439526   0.000074
    12  H    0.000094   0.000000   0.004855   0.000012   0.000074   0.554170
    13  C   -0.106633   0.001296  -0.372858   0.027179  -0.531278  -0.046258
    14  C   -0.197896   0.003651  -0.282867   0.002507  -1.191293   0.002507
    15  H    0.019890  -0.000020   0.001878   0.000013   0.041202   0.000013
    16  C   -0.068419   0.001930  -0.531271   0.006256  -0.372857  -0.007929
    17  C    0.003366  -0.000009  -0.043265   0.000094  -0.044772  -0.002620
    18  H   -0.000009  -0.000000   0.000187   0.000000  -0.000105  -0.000267
    19  C   -0.007536   0.000016  -0.044774   0.000103  -0.043266  -0.039512
    20  H    0.000016   0.000000  -0.000105  -0.000000   0.000187  -0.009568
    21  C   -0.044774  -0.000105   0.029976   0.000074  -0.141761  -0.014133
    22  H    0.000103  -0.000000   0.000074   0.000000   0.004855   0.000076
    23  C   -0.043266   0.000187  -0.141761   0.004855   0.029956   0.335361
    24  H   -0.039512  -0.009568  -0.014133   0.000076   0.335361   0.000000
              13         14         15         16         17         18
     1  C   -1.815127   1.456923  -0.075529   0.438534  -0.068420   0.001930
     2  C    1.456923   0.232412  -0.014330  -0.636761  -0.042538   0.003960
     3  H   -0.075529  -0.014330   0.000082  -0.003711   0.002204  -0.000002
     4  C    0.438534  -0.636761  -0.003711  -1.815180  -0.106628   0.001296
     5  C   -0.068420  -0.042538   0.002204  -0.106628  -0.007536   0.000016
     6  H    0.001930   0.003960  -0.000002   0.001296   0.000016   0.000000
     7  C   -0.106633  -0.197896   0.019890  -0.068419   0.003366  -0.000009
     8  H    0.001296   0.003651  -0.000020   0.001930  -0.000009  -0.000000
     9  C   -0.372858  -0.282867   0.001878  -0.531271  -0.043265   0.000187
    10  H    0.027179   0.002507   0.000013   0.006256   0.000094   0.000000
    11  C   -0.531278  -1.191293   0.041202  -0.372857  -0.044772  -0.000105
    12  H   -0.046258   0.002507   0.000013  -0.007929  -0.002620  -0.000267
    13  C    9.664558  -0.636726  -0.003716  -1.534186  -0.010954   0.011018
    14  C   -0.636726   6.770707   0.355336   1.456909  -0.197902   0.003651
    15  H   -0.003716   0.355336   0.562043  -0.075539   0.019891  -0.000020
    16  C   -1.534186   1.456909  -0.075539   9.664644  -0.563941   0.034732
    17  C   -0.010954  -0.197902   0.019891  -0.563941   5.760838   0.395220
    18  H    0.011018   0.003651  -0.000020   0.034732   0.395220   0.542047
    19  C   -0.563922  -0.042547   0.002204  -0.010992   0.733689  -0.032243
    20  H    0.034732   0.003960  -0.000002   0.011021  -0.032244  -0.008387
    21  C    0.746353  -1.191305   0.041203  -0.654191   0.654967  -0.074162
    22  H   -0.007932   0.060720   0.003049  -0.046260  -0.039509  -0.009568
    23  C   -0.654207  -0.282865   0.001878   0.746370  -0.113083  -0.004309
    24  H    0.006256   0.060716   0.003049   0.027177   0.000103  -0.000000
              19         20         21         22         23         24
     1  C   -0.106633   0.001296  -0.372858   0.027179  -0.531278  -0.046258
     2  C   -0.197896   0.003651  -0.282867   0.002507  -1.191293   0.002507
     3  H    0.019890  -0.000020   0.001878   0.000013   0.041202   0.000013
     4  C   -0.068419   0.001930  -0.531271   0.006256  -0.372857  -0.007929
     5  C    0.003366  -0.000009  -0.043265   0.000094  -0.044772  -0.002620
     6  H   -0.000009  -0.000000   0.000187   0.000000  -0.000105  -0.000267
     7  C   -0.007536   0.000016  -0.044774   0.000103  -0.043266  -0.039512
     8  H    0.000016   0.000000  -0.000105  -0.000000   0.000187  -0.009568
     9  C   -0.044774  -0.000105   0.029976   0.000074  -0.141761  -0.014133
    10  H    0.000103  -0.000000   0.000074   0.000000   0.004855   0.000076
    11  C   -0.043266   0.000187  -0.141761   0.004855   0.029956   0.335361
    12  H   -0.039512  -0.009568  -0.014133   0.000076   0.335361   0.000000
    13  C   -0.563922   0.034732   0.746353  -0.007932  -0.654207   0.006256
    14  C   -0.042547   0.003960  -1.191305   0.060720  -0.282865   0.060716
    15  H    0.002204  -0.000002   0.041203   0.003049   0.001878   0.003049
    16  C   -0.010992   0.011021  -0.654191  -0.046260   0.746370   0.027177
    17  C    0.733689  -0.032244   0.654967  -0.039509  -0.113083   0.000103
    18  H   -0.032243  -0.008387  -0.074162  -0.009568  -0.004309  -0.000000
    19  C    5.760810   0.395219  -0.113047  -0.002620   0.654973   0.000094
    20  H    0.395219   0.542049  -0.004310  -0.000267  -0.074162   0.000000
    21  C   -0.113047  -0.004310   7.439479   0.335357   0.427576   0.004855
    22  H   -0.002620  -0.000267   0.335357   0.554170  -0.014133   0.000012
    23  C    0.654973  -0.074162   0.427576  -0.014133   7.439526   0.000074
    24  H    0.000094   0.000000   0.004855   0.000012   0.000074   0.554170
 Mulliken charges:
               1
     1  C    0.038969
     2  C    0.303072
     3  H    0.118935
     4  C    0.038995
     5  C   -0.296968
     6  H    0.135014
     7  C   -0.296948
     8  H    0.135013
     9  C   -0.213858
    10  H    0.125823
    11  C   -0.213870
    12  H    0.125823
    13  C    0.038969
    14  C    0.303072
    15  H    0.118935
    16  C    0.038995
    17  C   -0.296968
    18  H    0.135014
    19  C   -0.296948
    20  H    0.135013
    21  C   -0.213858
    22  H    0.125823
    23  C   -0.213870
    24  H    0.125823
 Sum of Mulliken charges =  -0.00000
 Mulliken charges with hydrogens summed into heavy atoms:
               1
     1  C    0.038969
     2  C    0.422007
     4  C    0.038995
     5  C   -0.161954
     7  C   -0.161935
     9  C   -0.088035
    11  C   -0.088047
    13  C    0.038969
    14  C    0.422007
    16  C    0.038995
    17  C   -0.161954
    19  C   -0.161935
    21  C   -0.088035
    23  C   -0.088047
 Electronic spatial extent (au):  <R**2>=           2862.9872
 Charge=              0.0000 electrons
 Dipole moment (field-independent basis, Debye):
    X=              0.0000    Y=             -0.0000    Z=              0.0000  Tot=              0.0000
 Quadrupole moment (field-independent basis, Debye-Ang):
   XX=            -71.8066   YY=            -71.3473   ZZ=            -88.6867
   XY=             -0.0001   XZ=              0.0000   YZ=              0.0000
 Traceless Quadrupole moment (field-independent basis, Debye-Ang):
   XX=              5.4736   YY=              5.9329   ZZ=            -11.4065
   XY=             -0.0001   XZ=              0.0000   YZ=              0.0000
 Octapole moment (field-independent basis, Debye-Ang**2):
  XXX=              0.0000  YYY=              0.0000  ZZZ=              0.0000  XYY=             -0.0000
  XXY=              0.0000  XXZ=              0.0000  XZZ=             -0.0000  YZZ=              0.0000
  YYZ=              0.0000  XYZ=              0.0000
 Hexadecapole moment (field-independent basis, Debye-Ang**3):
 XXXX=           -707.0877 YYYY=          -2859.6529 ZZZZ=           -105.4612 XXXY=             -0.0016
 XXXZ=              0.0000 YYYX=             -0.0004 YYYZ=              0.0000 ZZZX=              0.0000
 ZZZY=              0.0000 XXYY=           -606.5747 XXZZ=           -164.4169 YYZZ=           -617.0057
 XXYZ=              0.0000 YYXZ=              0.0000 ZZXY=             -0.0003
 N-N= 7.653357082947D+02 E-N=-2.782110785337D+03  KE= 5.370065817106D+02
 Symmetry AG   KE= 2.606863702527D+02
 Symmetry BG   KE= 8.941505361713D+00
 Symmetry AU   KE= 6.196830784309D+00
 Symmetry BU   KE= 2.611818753119D+02

 Test job not archived.
 1\1\GINC-MPCB002\SP\RPBEPBE\6-311+G(d,p)\C14H10\TOXO0610\20-Dec-2024\0
 \\# pbepbe/6-311+G** scf=tight int=finegrid\\basis set convergence\\0,
 1\C,0,5.82595803,4.30575664,0.\C,0,4.60757096,2.1752189,0.\H,0,4.61030
 655,1.08307335,0.\C,0,5.82956532,2.85919852,0.\C,0,8.26543394,2.877076
 86,0.\H,0,9.21564995,2.34311211,0.\C,0,8.26187851,4.30001245,0.\H,0,9.
 20941667,4.83871597,0.\C,0,7.08371336,2.17917731,0.\H,0,7.08529635,1.0
 8808057,0.\C,0,7.07670002,4.99201683,0.\H,0,2.13525806,1.07573065,0.\C
 ,0,3.3821728,2.85308089,0.\C,0,4.60055987,4.98361863,0.\H,0,4.59782429
 ,6.07576418,0.\C,0,3.37856551,4.29963901,0.\C,0,0.94269689,4.28176062,
 0.\H,0,-0.00751913,4.81572535,0.\C,0,0.94625233,2.85882502,0.\H,0,-0.0
 0128584,2.32012151,0.\C,0,2.12441745,4.9796602,0.\H,0,2.12283442,6.070
 75694,0.\C,0,2.13143083,2.16682067,0.\H,0,7.07287286,6.08310685,0.\\Ve
 rsion=ES64L-G16RevC.01\State=1-AG\HF=-538.9584844\RMSD=5.168e-09\Dipol
 e=0.,0.,0.\Quadrupole=4.4109302,4.0695048,-8.480435,0.0008987,0.,0.\PG
 =C02H [SGH(C14H10)]\\@


 ... FOR AFTERWARDS A MAN FINDS PLEASURE IN HIS PAINS,
 WHEN HE HAS SUFFERED LONG AND WANDERED FAR.

                                    -- HOMER
 Job cpu time:       0 days  0 hours  2 minutes  4.8 seconds.
 Elapsed time:       0 days  0 hours  0 minutes  9.9 seconds.
 File lengths (MBytes):  RWF=    192 Int=      0 D2E=      0 Chk=     24 Scr=     16
 Normal termination of Gaussian 16 at Fri Dec 20 14:13:43 2024.
